0.007652145785093307
0.006261125831305981
0.005545782333612442
0.005078662820998579
0.004720171958580613
0.004446054452937096
0.004245815809629858
0.004041264440584928
0.003876433883421123
0.0037350591785274448
0.0036127664723433553
0.00348478972138837
0.003403247769828886
0.003300290628056973
0.003225648477114737
0.0031297594205476342
0.003067327632382512
0.0030061774245463313
0.002936789948726073
0.0028626147722359747
0.002816339927446097
0.0027614355994388462
0.0026982923729810863
0.002644579235604033
0.0026417004204820843
0.0025905738950241356
0.0025357049293350427
0.002481783889280632
0.0024740327859763054
0.0024123454039450733
0.0023985677390825004
0.0023339011886157096
0.0023370098039507867
0.0022982890769373625
0.0022906340432818978
0.002259859604621306
0.002228769679926336
0.0021853212888352574
0.0021442756013479083
0.002142592552071437
0.002110185627825558
0.002072897799499333
0.002077705162251368
0.002023072660760954
0.0020155447569210083
0.0019970548992510884
0.001984233094193041
0.0019563135058619082
0.0019297240938059986
0.0018821927840355784
0.0018924595666117965
0.0018645232289563865
0.001832659059483558
0.0018283959517721086
0.0018093197636771948
0.0018018824649043382
0.0017959452628390864
0.0017579749745316804
0.0017667244267184287
0.0017242108958773314
0.001646002959413454
0.001395765765896067
0.001290477298782207
0.0012950787759153173
0.0013524814944714308
0.0013067515961593017
0.001285491868085228
0.0013269057932775467
0.0012013802950736135
0.0011353009286569431
0.0010994210149161518
0.001082906644511968
0.0010929781562881544
0.0011044896833831445
0.0010865035593742504
0.0010724507282720878
0.0010671056082472204
0.001066951842769049
0.0010603501778561621
0.0010516980355605482
0.0010478576452238484
0.0010915862805908547
0.001034501678450033
0.0010004044134868308
0.0009792980298632757
0.0009651862019207329
0.0009547120303614065
0.0009472888729069382
0.0009453046670882031
0.0009473881197161972
0.000942720787297003
0.0009362573794089257
0.0009311782849486918
0.0009451245586154982
0.0009290111262816935
0.0009174573693657294
0.0009098387757781894
0.0009040712195564993
0.0008992103935219348
0.000894886615104042
0.0008910128983668983
